A_STRING_LIST=ABC,DEF,GHI
A_CUSTOM_NAME="A custom name"
UINT8=255
UINT16=65535
UINT32=4294967295
UINT64=18446744073709551615
INT8=-128
INT16=-32768
INT32=-2147483648
INT64=-9223372036854775808 
FLOAT32=65.3918495928
FLOAT64=3.14159
BOOL=true